ACSALA02   1.0000   0.5826   0.9998    90.00    95.89    90.00 benzene                                  6      0.6915   0.0968  -0.7158  -0.4029   0.8742  -0.2711   0.5995   0.4759   0.6435   0.6611   0.0539  -0.7484  -0.5854   0.7398  -0.3316   0.6828   0.3158   0.6588   5   0   4    92.7907   0   1   0    93.0887   5   4   0    90.2907   3   0  -5    89.0378   0   2  -1    89.3006   1   0  -1    90.9717   1.6491   3.6620   0.7458   2.7733   3.1509   0.0830   3.3267   1.9364   0.4513   2.7787   1.2139   1.5059   1.6654   1.7060   2.1818   1.1097   2.9127   1.7967 
ACSALA02   1.0000   0.5826   0.9998    90.00    95.89    90.00 acetic_acid                              4      0.7170  -0.0198  -0.6968  -0.3285   0.8721  -0.3628   0.6148   0.4890   0.6188   0.6831  -0.0110  -0.7302  -0.4776   0.7387  -0.4756   0.7032   0.3259   0.6319   0   1   0    89.3719   1   0   1    88.0899   1   0  -1    89.9176   3   2   0    90.7063   0   2  -1    90.5103   1  -2   0    91.3193   1.6491   3.6620   0.7458   0.9687   4.9433   0.4207   0.0033   5.3222   1.0680   1.4453   5.6154  -0.5955 
ACSALA02   1.0000   0.5826   0.9998    90.00    95.89    90.00 methyl_acetate_L                         5      0.5862   0.7114  -0.3877   0.2785   0.2725   0.9210   0.7608  -0.6478  -0.0384   0.6937   0.4905  -0.5275   0.2951   0.1683   0.9405   0.8876  -0.4403  -0.1356   3   0   4    89.6661   4   0   5    91.2259   3  -5   0    90.4327   3   0  -1    89.0017   1   2   0    90.1815   0   1  -3    89.3919   2.7733   3.1509   0.0830   3.3471   3.8073  -0.9988   4.1972   4.8249  -0.7065   4.4992   5.1109   0.4212   4.6832   5.5042  -1.9394 
ACSALA13   1.0000   0.5367   0.9362    90.00   111.51    90.00 benzene                                  6     -0.2792  -0.1024  -0.9548   0.4996  -0.8646  -0.0534  -0.8200  -0.4919   0.2926  -0.3539  -0.0697  -0.9327   0.6979  -0.6482  -0.3045  -0.8081  -0.2601   0.5285   1  -5   0    89.9366   5   0  -2    91.0175   0   1  -2    88.9951   2   0   5    88.6523   0   2   1    90.2101   2   0   3    89.5113   0.0835   2.8885  10.4502  -0.6499   3.3818   9.3525  -1.2861   4.5762   9.3925  -1.3232   5.2577  10.6282  -0.6308   4.8358  11.7133   0.0376   3.6285  11.6469 
ACSALA13   1.0000   0.5367   0.9362    90.00   111.51    90.00 acetic_acid                              4     -0.3205   0.0181  -0.9471   0.4520  -0.8757  -0.1697  -0.8325  -0.4824   0.2725  -0.4091   0.0124  -0.9124   0.6286  -0.6537  -0.4214  -0.8188  -0.2547   0.5145   0   1   0    90.7117   5   0  -2    87.6532   2   0   3    89.8910   0   2  -3    89.3130   0   2   1    90.1320   1  -3   0    89.0069   0.0835   2.8885  10.4502   0.8327   1.5838  10.4702   1.3932   1.2164  11.4878   0.8696   0.9152   9.3578 
ACSALA13   1.0000   0.5367   0.9362    90.00   111.51    90.00 methyl_acetate_L                         5     -0.3337  -0.7022  -0.6289  -0.6801  -0.2826   0.6765  -0.6528   0.6535  -0.3832  -0.5025  -0.5675  -0.6523  -0.6308  -0.1407   0.7631  -0.8714   0.4681  -0.1465   4   0  -3    89.3905   5   0  -4    90.8643   0   5   1    90.6697   1  -5   0    90.8162   0   1   3    90.5195   1   0  -5    88.4384  -0.6499   3.3818   9.3525  -0.6539   2.7230   8.1105  -1.5648   1.6747   7.9788  -2.3471   1.4176   8.8131  -1.3730   1.0645   6.6083 
ACSALA24   1.0000   0.2668   1.4277    90.00   111.06    90.00 benzene                                  6      0.7672  -0.5719   0.2905  -0.0696   0.3759   0.9240  -0.6377  -0.7291   0.2486   0.9807  -0.1951  -0.0084  -0.0547   0.0788   0.9954  -0.6806  -0.2077   0.7026   1   5   0    90.0590   0   0   1    89.5178   3   2   0    89.8965   4   3   0    90.2016   1   0   1    90.8926   1  -3   0    88.9556   8.1887   5.0066  19.2867   9.1498   4.0305  18.9699   9.2516   3.5110  17.6894   8.3839   3.9468  16.6876   7.3971   4.8899  16.9854   7.3056   5.4087  18.2725 
ACSALA24   1.0000   0.2668   1.4277    90.00   111.06    90.00 benzene                                  6      0.6810   0.6244   0.3826   0.6631  -0.3041  -0.6840  -0.3107   0.7195  -0.6211   0.9469   0.2317   0.2230   0.4674  -0.0572  -0.8822  -0.4080   0.2521  -0.8775   1  -4   0    90.2815   0   1  -1    90.3504   2   0   1    91.3504   1   5   0    92.0389   3   5   0    90.3597   2   3   0    89.0522   1.8386   1.3317  13.2795   2.1649   2.3305  14.2172   1.2589   2.7391  15.1857  -0.0235   2.1887  15.2013  -0.3943   1.2458  14.2431   0.5348   0.8067  13.3071 
ACSALA24   1.0000   0.2668   1.4277    90.00   111.06    90.00 acetic_acid                              4     -0.8078   0.3718  -0.4573  -0.2166   0.5344   0.8170   0.5482   0.7590  -0.3512  -0.9653   0.1185  -0.2328  -0.1765   0.1162   0.9774   0.5769   0.2132  -0.7885   0   2   1    90.1083   1   0  -4    89.5293   2   3   0    89.9314   3   5   0    90.5072   4   0   3    89.3376   0   4   1    90.8918   8.1887   5.0066  19.2867   8.1246   5.6507  20.6132   8.9821   5.4581  21.4980   7.1038   6.4765  20.7700 
ACSALA24   1.0000   0.2668   1.4277    90.00   111.06    90.00 acetic_acid                              4     -0.8492  -0.4511  -0.2745   0.4883  -0.4731  -0.7333   0.2009  -0.7568   0.6220  -0.9868  -0.1399   0.0813   0.3680  -0.0951  -0.9250   0.2578  -0.2590   0.9308   0   3   5    89.8713   0   2   3    89.4305   5   0   2    89.8921   1   4   0    89.8261   1   1   0    89.9485   4   0  -1    91.3926   1.8386   1.3317  13.2795   2.8181   0.7994  12.3068   4.0246   1.1108  12.3053   2.3039  -0.0597  11.4365 
ACSALA24   1.0000   0.2668   1.4277    90.00   111.06    90.00 methyl_acetate_L                         5      0.7790  -0.0002   0.6270   0.3948   0.7770  -0.4903  -0.4871   0.6295   0.6054   0.8728  -0.0001   0.4881   0.4091   0.2149  -0.8868  -0.4144   0.1429   0.8988   0   1   0    89.9968   3   0  -5    91.7465   0   4   1    89.6192   1  -2   0    89.4722   1   3   0    90.2593   2   5   0    88.7840   9.1498   4.0305  18.9699   9.9485   3.4693  19.9618  11.1036   4.1149  20.3233  11.5465   5.0586  19.6942  11.6943   3.4949  21.5465 
ACSALA24   1.0000   0.2668   1.4277    90.00   111.06    90.00 methyl_acetate_L                         5      0.9881   0.0779   0.1323  -0.0214  -0.7833   0.6213   0.1521  -0.6167  -0.7723   0.9481   0.0200  -0.3173  -0.0248  -0.2417   0.9700   0.1346  -0.1457  -0.9801   1   0   3    89.9343   0   1   0    91.1435   0   4   1    90.0434   5  -1   0    91.3245   1   1   0    89.5522   5   4   0    90.8092   2.1649   2.3305  14.2172   3.3762   3.0152  14.1225   4.4843   2.4557  14.6967   4.4064   1.4971  15.4465   5.7383   3.1535  14.2881 
