ACSALA     1.0000   0.5763   0.9949    90.00    95.55    90.00 benzene                                  6      0.6893  -0.1039  -0.7170  -0.4143  -0.8684  -0.2724  -0.5944   0.4848  -0.6416   0.6628  -0.0576  -0.7466  -0.6011  -0.7262  -0.3336  -0.6793   0.3193  -0.6608   5   0   4    92.9335   0   1   0    86.6996   5  -4   0    89.0972   3   0  -5    88.6681   0   2   1    89.4310   1   0  -1    89.2488   1.6781   2.8792   0.7640   2.8090   3.3758   0.1043   3.3796   4.5822   0.4749   2.8368   5.3058   1.5268   1.7301   4.8256   2.1966   1.1593   3.6311   1.8158 
ACSALA     1.0000   0.5763   0.9949    90.00    95.55    90.00 acetic_acid                              4      0.7121   0.0083  -0.7020  -0.3432  -0.8682  -0.3584  -0.6124   0.4962  -0.6154   0.6820   0.0046  -0.7314  -0.4997  -0.7284  -0.4687  -0.7026   0.3280  -0.6315   0   1   0    90.2624   1   0   1    87.9995   3  -2   0    89.3280   0   2  -3    89.1941   0   2   1    90.6288   1   2   0    88.8082   1.6781   2.8792   0.7640   0.9869   1.5943   0.4216   0.0149   1.2374   1.0949   1.4329   0.9149  -0.5758 
ACSALA     1.0000   0.5763   0.9949    90.00    95.55    90.00 methyl_acetate_L                         5      0.5951  -0.6965  -0.4010   0.3031  -0.2676   0.9146  -0.7443  -0.6658   0.0518   0.7005  -0.4724  -0.5349   0.3224  -0.1640   0.9323  -0.8794  -0.4533   0.1453   2   3   0    89.7406   3   0   4    89.5654   1   2   0    89.8537   3   0  -1    90.6311   0   1   3    89.6818   1  -2   0    90.6985   2.8090   3.3758   0.1043   3.3629   2.7176  -1.0020   4.2507   1.7222  -0.7152   4.5761   1.4505   0.3888   4.7355   1.0672  -1.9700 
ACSALA01   1.0000   0.5766   0.9969    90.00    95.68    90.00 benzene                                  6      0.6898   0.1037  -0.7166  -0.4111   0.8708  -0.2697   0.5960   0.4806   0.6433   0.6619   0.0574  -0.7474  -0.5980   0.7304  -0.3301   0.6802   0.3163   0.6612   5   0   4    92.8613   0   1   0    93.2902   5   4   0    89.3879   3   0  -5    88.5926   0   2  -1    89.2666   1   0  -1    90.7701   1.6773   3.7173   0.7643   2.8034   3.2144   0.1077   3.3627   2.0083   0.4717   2.8255   1.2925   1.5172   1.7208   1.7638   2.1896   1.1514   2.9633   1.8120 
ACSALA01   1.0000   0.5766   0.9969    90.00    95.68    90.00 acetic_acid                              4      0.7129  -0.0080  -0.7012  -0.3448   0.8667  -0.3604   0.6107   0.4987   0.6151   0.6813  -0.0044  -0.7320  -0.5012   0.7264  -0.4703   0.7014   0.3303   0.6317   0   1   0    89.7470   1   0   1    87.9435   0   2   3    90.6680   3   2   0    89.1953   0   2  -1    90.7423   1  -2   0    91.0440   1.6773   3.7173   0.7643   0.9897   4.9914   0.4263   0.0100   5.3506   1.0942   1.4323   5.6702  -0.5760 
ACSALA01   1.0000   0.5766   0.9969    90.00    95.68    90.00 methyl_acetate_L                         5      0.5964   0.6957  -0.4004   0.3015   0.2681   0.9150   0.7439  -0.6664  -0.0498   0.7007   0.4713  -0.5357   0.3203   0.1643   0.9329   0.8790  -0.4541  -0.1451   2  -3   0    89.8022   3   0   4    89.5319   1  -2   0    89.7890   3   0  -1    90.5086   0   1  -3    89.6604   1   2   0    89.2522   2.8034   3.2144   0.1077   3.3648   3.8742  -0.9978   4.2541   4.8668  -0.7223   4.5742   5.1416   0.3912   4.7372   5.5219  -1.9594 
ACSALA02   1.0000   0.5826   0.9998    90.00    95.89    90.00 benzene                                  6      0.6915   0.0968  -0.7158  -0.4029   0.8742  -0.2711   0.5995   0.4759   0.6435   0.6611   0.0539  -0.7484  -0.5854   0.7398  -0.3316   0.6828   0.3158   0.6588   5   0   4    92.7907   0   1   0    93.0887   5   4   0    90.2907   3   0  -5    89.0378   0   2  -1    89.3006   1   0  -1    90.9717   1.6491   3.6620   0.7458   2.7733   3.1509   0.0830   3.3267   1.9364   0.4513   2.7787   1.2139   1.5059   1.6654   1.7060   2.1818   1.1097   2.9127   1.7967 
ACSALA02   1.0000   0.5826   0.9998    90.00    95.89    90.00 acetic_acid                              4      0.7170  -0.0198  -0.6968  -0.3285   0.8721  -0.3628   0.6148   0.4890   0.6188   0.6831  -0.0110  -0.7302  -0.4776   0.7387  -0.4756   0.7032   0.3259   0.6319   0   1   0    89.3719   1   0   1    88.0899   1   0  -1    89.9176   3   2   0    90.7063   0   2  -1    90.5103   1  -2   0    91.3193   1.6491   3.6620   0.7458   0.9687   4.9433   0.4207   0.0033   5.3222   1.0680   1.4453   5.6154  -0.5955 
ACSALA02   1.0000   0.5826   0.9998    90.00    95.89    90.00 methyl_acetate_L                         5      0.5862   0.7114  -0.3877   0.2785   0.2725   0.9210   0.7608  -0.6478  -0.0384   0.6937   0.4905  -0.5275   0.2951   0.1683   0.9405   0.8876  -0.4403  -0.1356   3   0   4    89.6661   4   0   5    91.2259   3  -5   0    90.4327   3   0  -1    89.0017   1   2   0    90.1815   0   1  -3    89.3919   2.7733   3.1509   0.0830   3.3471   3.8073  -0.9988   4.1972   4.8249  -0.7065   4.4992   5.1109   0.4212   4.6832   5.5042  -1.9394 
ACSALA02   1.0000   0.5826   0.9998    90.00    95.89    90.00 aspirin                                  13     0.5509   0.6003  -0.5798   0.7332  -0.6799  -0.0073  -0.3986  -0.4211  -0.8147   0.6059   0.3847  -0.6964   0.8756  -0.4730  -0.0985  -0.4426  -0.2724  -0.8543   2  -3   0    90.9187   3  -5   0    88.9622   0   1  -5    90.2207   0   1  -4    88.9038   3  -5   0    90.3359   0   3  -1    90.6723   4.6832   5.5042  -1.9394   4.1972   4.8249  -0.7065   4.4992   5.1109   0.4212   3.3471   3.8073  -0.9988   2.7733   3.1509   0.0830   3.3267   1.9364   0.4513   2.7787   1.2139   1.5059   1.6654   1.7060   2.1818   1.1097   2.9127   1.7967   1.6491   3.6620   0.7458   0.9687   4.9433   0.4207   1.4453   5.6154  -0.5955   0.0033   5.3222   1.0680 
ACSALA03   1.0000   0.5815   0.9998    90.00    95.82    90.00 benzene                                  6      0.6895   0.0983  -0.7176  -0.4043   0.8742  -0.2688   0.6009   0.4754   0.6425   0.6596   0.0547  -0.7496  -0.5878   0.7391  -0.3291   0.6840   0.3147   0.6581   5   0   4    92.6792   0   1   0    93.1333   5   4   0    90.1553   3   0  -5    88.8398   0   2  -1    89.2628   1   0  -1    91.0494   1.6573   3.6806   0.7501   2.7779   3.1661   0.0863   3.3370   1.9573   0.4519   2.7853   1.2278   1.5070   1.6848   1.7168   2.1843   1.1169   2.9301   1.8053 
ACSALA03   1.0000   0.5815   0.9998    90.00    95.82    90.00 acetic_acid                              4      0.7161  -0.0175  -0.6978  -0.3338   0.8694  -0.3643   0.6131   0.4938   0.6167   0.6825  -0.0097  -0.7308  -0.4844   0.7336  -0.4767   0.7022   0.3289   0.6314   0   1   0    89.4439   1   0   1    88.0436   3   2   0    90.2240   1   0  -1    89.6915   0   2  -1    90.6756   1  -2   0    91.1390   1.6573   3.6806   0.7501   0.9742   4.9523   0.4182   0.0047   5.3312   1.0708   1.4416   5.6288  -0.5954 
ACSALA03   1.0000   0.5815   0.9998    90.00    95.82    90.00 methyl_acetate_L                         5      0.5888   0.7076  -0.3906   0.2826   0.2726   0.9197   0.7573  -0.6519  -0.0395   0.6954   0.4860  -0.5294   0.2995   0.1680   0.9392   0.8860  -0.4435  -0.1358   3   0   4    89.6394   2  -3   0    88.9323   3  -5   0    90.5756   3   0  -1    89.2627   1   2   0    89.9755   0   1  -3    89.3449   2.7779   3.1661   0.0863   3.3465   3.8189  -1.0024   4.2099   4.8317  -0.7131   4.5140   5.1214   0.4171   4.6914   5.5042  -1.9421 
ACSALA04   1.0000   0.5805   1.0000    90.00    95.88    90.00 benzene                                  6      0.6897   0.0986  -0.7173  -0.4055   0.8733  -0.2699   0.5999   0.4770   0.6423   0.6594   0.0547  -0.7498  -0.5896   0.7372  -0.3299   0.6836   0.3156   0.6581   5   0   4    92.6668   0   1   0    93.1369   5   4   0    90.0063   3   0  -5    88.8274   0   2  -1    89.3096   1   0  -1    91.0338   1.6601   3.6891   0.7523   2.7822   3.1785   0.0877   3.3446   1.9702   0.4554   2.7934   1.2371   1.5159   1.6854   1.7307   2.1861   1.1260   2.9369   1.8105 
ACSALA04   1.0000   0.5805   1.0000    90.00    95.88    90.00 acetic_acid                              4      0.7162  -0.0167  -0.6977  -0.3341   0.8695  -0.3638   0.6127   0.4936   0.6172   0.6823  -0.0092  -0.7310  -0.4853   0.7334  -0.4760   0.7022   0.3284   0.6317   0   1   0    89.4701   1   0   1    88.0256   3   2   0    90.1699   1   0  -1    89.6227   0   2  -1    90.6456   1  -2   0    91.1621   1.6601   3.6891   0.7523   0.9756   4.9551   0.4172   0.0090   5.3338   1.0762   1.4483   5.6350  -0.5938 
ACSALA04   1.0000   0.5805   1.0000    90.00    95.88    90.00 methyl_acetate_L                         5      0.5900   0.7061  -0.3915   0.2842   0.2723   0.9193   0.7557  -0.6536  -0.0401   0.6960   0.4836  -0.5308   0.3014   0.1676   0.9387   0.8852  -0.4445  -0.1374   3   0   4    89.5971   2  -3   0    89.0643   3   0  -1    89.3736   3  -5   0    90.6507   1   2   0    89.9047   0   1  -3    89.4157   2.7822   3.1785   0.0877   3.3494   3.8302  -1.0076   4.2177   4.8435  -0.7118   4.5202   5.1277   0.4127   4.6991   5.5123  -1.9500 
ACSALA05   1.0000   0.5847   1.0028    90.00    96.07    90.00 benzene                                  6      0.6928   0.0953  -0.7148  -0.3992   0.8761  -0.2702   0.6005   0.4725   0.6451   0.6602   0.0531  -0.7492  -0.5803   0.7445  -0.3300   0.6831   0.3143   0.6593   5   0   4    92.7246   0   1   0    93.0436   5   4   0    90.6867   3   0  -5    89.1092   0   2  -1    89.2129   1   0  -1    90.9646   1.6413   3.6526   0.7440   2.7655   3.1359   0.0814   3.3156   1.9182   0.4517   2.7621   1.1942   1.5013   1.6498   1.6912   2.1784   1.0953   2.9031   1.7969 
ACSALA05   1.0000   0.5847   1.0028    90.00    96.07    90.00 acetic_acid                              4      0.7200  -0.0207  -0.6936  -0.3237   0.8742  -0.3620   0.6138   0.4852   0.6227   0.6839  -0.0115  -0.7295  -0.4708   0.7434  -0.4751   0.7012   0.3241   0.6350   0   1   0    89.3428   1   0   1    88.1533   1   0  -1    90.1763   0   2   3    90.9743   0   2  -1    90.3357   1  -2   0    91.3609   1.6413   3.6526   0.7440   0.9620   4.9351   0.4165  -0.0015   5.3170   1.0663   1.4524   5.6081  -0.5934 
ACSALA05   1.0000   0.5847   1.0028    90.00    96.07    90.00 methyl_acetate_L                         5      0.5848   0.7140  -0.3850   0.2697   0.2765   0.9224   0.7650  -0.6433  -0.0308   0.6916   0.4936  -0.5273   0.2854   0.1710   0.9430   0.8898  -0.4374  -0.1301   3   0   4    89.6072   3  -4   0    91.1497   3  -5   0    90.0083   2  -3   0    90.9150   1   2   0    90.3815   0   1  -3    89.1467   2.7655   3.1359   0.0814   3.3409   3.7906  -0.9961   4.1865   4.8193  -0.7004   4.4756   5.1058   0.4305   4.6793   5.4988  -1.9375 
ACSALA06   1.0000   0.5797   0.9981    90.00    95.87    90.00 benzene                                  6      0.6900   0.0996  -0.7169  -0.4058   0.8734  -0.2693   0.5993   0.4767   0.6431   0.6605   0.0552  -0.7487  -0.5906   0.7370  -0.3288   0.6835   0.3152   0.6584   5   0   4    92.7547   0   1   0    93.1672   5   4   0    89.9555   3   0  -5    88.7455   0   2  -1    89.2804   1   0  -1    91.0182   1.6722   3.7097   0.7543   2.7863   3.1910   0.0991   3.3441   1.9834   0.4639   2.8038   1.2596   1.5165   1.7021   1.7401   2.1842   1.1415   2.9478   1.8025 
ACSALA06   1.0000   0.5797   0.9981    90.00    95.87    90.00 acetic_acid                              4      0.7172  -0.0109  -0.6968  -0.3422   0.8655  -0.3658   0.6071   0.5008   0.6170   0.6839  -0.0060  -0.7295  -0.4957   0.7268  -0.4755   0.6982   0.3339   0.6333   0   1   0    89.6544   1   0   1    88.1541   0   2   3    90.4328   3   2   0    89.4686   1  -2   0    90.7790   0   2  -1    90.8839   1.6722   3.7097   0.7543   0.9802   4.9759   0.4256  -0.0054   5.3420   1.0786   1.4408   5.6477  -0.5911 
ACSALA06   1.0000   0.5797   0.9981    90.00    95.87    90.00 methyl_acetate_L                         5      0.5923   0.7007  -0.3978   0.2872   0.2776   0.9168   0.7528  -0.6572  -0.0369   0.6965   0.4777  -0.5355   0.3055   0.1711   0.9367   0.8843  -0.4475  -0.1332   3   0   4    89.3988   2  -3   0    89.3627   3   0  -1    89.6313   3  -5   0    90.5964   1   2   0    89.7230   0   1  -3    89.1338   2.7863   3.1910   0.0991   3.3517   3.8438  -0.9998   4.2246   4.8450  -0.7217   4.5356   5.1461   0.4121   4.7139   5.5097  -1.9624 
ACSALA07   1.0000   0.5780   1.0059    90.00    95.60    90.00 benzene                                  6      0.6878   0.1034  -0.7185  -0.4125   0.8701  -0.2697   0.5973   0.4819   0.6411   0.6571   0.0571  -0.7517  -0.5981   0.7291  -0.3327   0.6788   0.3165   0.6627   5   0   4    92.4948   0   1   0    93.2726   5   4   0    89.3382   3   0  -5    88.7146   1   0  -1    90.6516   0   2  -1    89.2386   1.6707   3.7200   0.7748   2.8032   3.2231   0.0994   3.3577   2.0256   0.4743   2.8198   1.2879   1.5359   1.7178   1.7795   2.1919   1.1542   2.9618   1.8274 
ACSALA07   1.0000   0.5780   1.0059    90.00    95.60    90.00 acetic_acid                              4      0.7149  -0.0080  -0.6992  -0.3439   0.8666  -0.3615   0.6088   0.4989   0.6167   0.6803  -0.0044  -0.7329  -0.4981   0.7253  -0.4752   0.6962   0.3297   0.6376   0   1   0    89.7481   1   0   1    87.8676   0   2   3    90.3973   3   2   0    89.3076   0   2  -1    90.5591   1  -2   0    90.9413   1.6707   3.7200   0.7748   0.9892   5.0026   0.4366   0.0026   5.3615   1.0914   1.4267   5.6914  -0.5794 
ACSALA07   1.0000   0.5780   1.0059    90.00    95.60    90.00 methyl_acetate_L                         5      0.5968   0.6959  -0.3994   0.2952   0.2725   0.9158   0.7461  -0.6644  -0.0428   0.6994   0.4714  -0.5373   0.3111   0.1660   0.9358   0.8808  -0.4533  -0.1370   2  -3   0    89.7557   3   0   4    89.4167   3   0  -1    89.9570   1  -2   0    89.4650   1   2   0    89.3391   0   1  -3    89.2357   2.8032   3.2231   0.0994   3.3600   3.8776  -1.0045   4.2532   4.8561  -0.7177   4.5473   5.1425   0.4046   4.7203   5.5093  -1.9656 
ACSALA08   1.0000   0.5841   1.0017    90.00    95.95    90.00 benzene                                  6      0.6915   0.0946  -0.7162  -0.3994   0.8761  -0.2700   0.6019   0.4728   0.6436   0.6599   0.0527  -0.7495  -0.5807   0.7439  -0.3308   0.6844   0.3140   0.6581   5   0   4    92.7021   0   1   0    93.0220   5   4   0    90.6460   3   0  -5    89.1322   0   2  -1    89.2286   1   0  -1    91.0670   1.6478   3.6581   0.7445   2.7677   3.1405   0.0826   3.3210   1.9233   0.4499   2.7678   1.1989   1.5014   1.6580   1.6949   2.1845   1.1035   2.9108   1.7961 
ACSALA08   1.0000   0.5841   1.0017    90.00    95.95    90.00 acetic_acid                              4      0.7188  -0.0191  -0.6949  -0.3268   0.8730  -0.3620   0.6136   0.4873   0.6213   0.6838  -0.0106  -0.7296  -0.4749   0.7410  -0.4748   0.7012   0.3252   0.6345   0   1   0    89.3920   1   0   1    88.1419   1   0  -1    89.9966   3   2   0    90.9107   0   2  -1    90.4096   1  -2   0    91.2987   1.6478   3.6581   0.7445   0.9628   4.9374   0.4152   0.0007   5.3196   1.0683   1.4501   5.6134  -0.5938 
ACSALA08   1.0000   0.5841   1.0017    90.00    95.95    90.00 methyl_acetate_L                         5      0.5844   0.7134  -0.3867   0.2733   0.2757   0.9216   0.7640  -0.6443  -0.0338   0.6916   0.4931  -0.5277   0.2893   0.1704   0.9419   0.8893  -0.4380  -0.1316   3   0   4    89.5878   4   0   5    91.1450   3  -5   0    90.1538   0   5  -1    88.9914   1   2   0    90.3404   0   1  -3    89.2162   2.7677   3.1405   0.0826   3.3444   3.7981  -1.0002   4.1899   4.8223  -0.7055   4.4855   5.1115   0.4253   4.6770   5.5009  -1.9389 
ACSALA09   1.0000   0.5826   0.9998    90.00    95.89    90.00 benzene                                  6      0.6927   0.0988  -0.7144  -0.4033   0.8743  -0.2701   0.5979   0.4752   0.6455   0.6623   0.0551  -0.7472  -0.5859   0.7400  -0.3302   0.6808   0.3152   0.6612   5   0   4    92.8877   0   1   0    93.1558   5   4   0    90.2719   3   0  -5    88.9488   0   2  -1    89.2132   1   0  -1    90.7953   1.6499   3.6666   0.7429   2.7678   3.1660   0.0983   3.3199   1.9481   0.4625   2.7749   1.2277   1.5104   1.6701   1.7145   2.1695   1.1148   2.9206   1.8031 
ACSALA09   1.0000   0.5826   0.9998    90.00    95.89    90.00 acetic_acid                              4      0.7172  -0.0157  -0.6967  -0.3293   0.8734  -0.3587   0.6141   0.4867   0.6213   0.6832  -0.0087  -0.7302  -0.4795   0.7409  -0.4702   0.7020   0.3241   0.6342   0   1   0    89.5013   1   0   1    88.0986   1   0  -1    89.6237   3   2   0    90.6888   0   2  -1    90.3559   1  -2   0    91.3798   1.6499   3.6666   0.7429   0.9715   4.9486   0.4156  -0.0012   5.3203   1.0792   1.4480   5.6213  -0.5887 
ACSALA09   1.0000   0.5826   0.9998    90.00    95.89    90.00 methyl_acetate_L                         5      0.5889   0.7069  -0.3918   0.2759   0.2798   0.9196   0.7596  -0.6497  -0.0302   0.6946   0.4857  -0.5308   0.2928   0.1730   0.9404   0.8879  -0.4424  -0.1263   3   0   4    89.5471   2  -3   0    88.9218   3  -5   0    90.1327   0   5  -1    89.1508   1   2   0    90.0804   0   1  -4    90.8710   2.7678   3.1660   0.0983   3.3444   3.8132  -0.9943   4.1988   4.8249  -0.6960   4.4835   5.1141   0.4100   4.6859   5.4963  -1.9439 
ACSALA10   1.0000   0.5826   0.9998    90.00    95.89    90.00 benzene                                  6      0.6853   0.1035  -0.7209  -0.4121   0.8713  -0.2666   0.6005   0.4798   0.6397   0.6555   0.0577  -0.7530  -0.5966   0.7348  -0.3227   0.6848   0.3188   0.6553   5   0   4    92.3755   0   1   0    93.3075   5   4   0    89.6081   1   0  -2    91.2492   0   2  -1    89.5437   1   0  -1    91.1930   1.6362   3.6895   0.7552   2.7569   3.1810   0.0838   3.3044   1.9887   0.4502   2.7657   1.2807   1.4903   1.6926   1.7486   2.1684   1.1276   2.9147   1.7875 
ACSALA10   1.0000   0.5826   0.9998    90.00    95.89    90.00 acetic_acid                              4      0.7083  -0.0158  -0.7057  -0.3400   0.8685  -0.3607   0.6187   0.4954   0.6098   0.6748  -0.0088  -0.7379  -0.4926   0.7330  -0.4691   0.7092   0.3309   0.6225   0   1   0    89.4976   1   0   1    87.4408   3   2   0    89.8155   0   2   3    90.9334   0   2  -1    91.0049   1  -2   0    91.2179   1.6362   3.6895   0.7552   0.9719   4.9597   0.4223   0.0141   5.3098   1.0825   1.4037   5.6148  -0.5731 
ACSALA10   1.0000   0.5826   0.9998    90.00    95.89    90.00 methyl_acetate_L                         5      0.5889   0.7052  -0.3948   0.2939   0.2682   0.9174   0.7528  -0.6564  -0.0493   0.6936   0.4838  -0.5337   0.3117   0.1657   0.9356   0.8818  -0.4479  -0.1479   3   0   4    89.3838   4   0   5    90.9503   3   0  -1    89.9915   1  -2   0    89.4957   0   1  -3    89.9255   1   2   0    89.6422   2.7569   3.1810   0.0838   3.3067   3.8269  -0.9775   4.1749   4.8334  -0.7150   4.4857   5.1043   0.3776   4.6566   5.5035  -1.9327 
ACSALA11   1.0000   0.5826   0.9998    90.00    95.89    90.00 benzene                                  6      0.6905   0.1021  -0.7161  -0.4070   0.8733  -0.2679   0.5980   0.4764   0.6445   0.6603   0.0569  -0.7488  -0.5905   0.7382  -0.3260   0.6812   0.3162   0.6603   5   0   4    92.7399   0   1   0    93.2601   5   4   0    90.0009   3   0  -5    88.6104   0   2  -1    89.2843   1   0  -1    90.8490   1.6477   3.6771   0.7418   2.7516   3.1810   0.1028   3.3197   1.9717   0.4536   2.7746   1.2486   1.5026   1.6780   1.7329   2.1584   1.1272   2.9284   1.7919 
ACSALA11   1.0000   0.5826   0.9998    90.00    95.89    90.00 acetic_acid                              4      0.7181  -0.0086  -0.6958  -0.3355   0.8718  -0.3570   0.6097   0.4898   0.6232   0.6841  -0.0047  -0.7294  -0.4877   0.7382  -0.4660   0.6977   0.3265   0.6377   0   1   0    89.7280   1   0   1    88.1637   3   2   0    90.2133   1   0  -1    89.1228   0   2  -1    90.3948   1  -2   0    91.1425   1.6477   3.6771   0.7418   0.9720   4.9551   0.4100  -0.0062   5.3137   1.0725   1.4247   5.6233  -0.5698 
ACSALA11   1.0000   0.5826   0.9998    90.00    95.89    90.00 methyl_acetate_L                         5      0.5937   0.6991  -0.3985   0.2878   0.2780   0.9164   0.7514  -0.6588  -0.0362   0.6961   0.4775  -0.5361   0.3057   0.1720   0.9365   0.8827  -0.4508  -0.1328   2  -3   0    89.3609   3   0   4    89.3567   3   0  -1    89.6461   3  -5   0    90.5613   1   2   0    89.5126   0   1  -3    89.0508   2.7516   3.1810   0.1028   3.3209   3.8256  -0.9842   4.1911   4.8295  -0.7083   4.4901   5.1109   0.3999   4.6810   5.4878  -1.9618 
ACSALA12   1.0000   0.5826   0.9998    90.00    95.89    90.00 benzene                                  6      0.6898   0.1013  -0.7169  -0.4099   0.8708  -0.2714   0.5968   0.4810   0.6422   0.6596   0.0564  -0.7495  -0.5933   0.7343  -0.3298   0.6809   0.3197   0.6589   5   0   4    92.6879   0   1   0    93.2353   5   4   0    89.7379   3   0  -5    88.7112   0   2  -1    89.5025   1   0  -1    90.8925   1.6489   3.6817   0.7418   2.7360   3.1948   0.1128   3.3128   1.9894   0.4770   2.7767   1.2617   1.5149   1.6680   1.7505   2.1785   1.1181   2.9383   1.8143 
ACSALA12   1.0000   0.5826   0.9998    90.00    95.89    90.00 acetic_acid                              4      0.7163   0.0081  -0.6977  -0.3420   0.8756  -0.3410   0.6082   0.4829   0.6300   0.6823   0.0045  -0.7310  -0.4991   0.7444  -0.4437   0.6943   0.3211   0.6440   0   1   0    90.2566   1   0   1    88.0270   3   2   0    89.8661   0   3   5    90.1464   0   2  -1    89.9553   1  -2   0    91.3339   1.6489   3.6817   0.7418   0.9700   4.9610   0.4078  -0.0200   5.3065   1.1082   1.4091   5.6540  -0.5385 
ACSALA12   1.0000   0.5826   0.9998    90.00    95.89    90.00 methyl_acetate_L                         5      0.5961   0.6975  -0.3977   0.2946   0.2708   0.9164   0.7469  -0.6635  -0.0441   0.6982   0.4759  -0.5349   0.3126   0.1674   0.9350   0.8791  -0.4550  -0.1418   2  -3   0    89.5023   3   0   4    89.4833   3   0  -1    90.0514   1  -2   0    89.4330   0   1  -3    89.4647   1   2   0    89.2107   2.7360   3.1948   0.1128   3.3004   3.8564  -0.9708   4.1752   4.8321  -0.7072   4.4758   5.1109   0.3865   4.6684   5.5035  -1.9383 
ACSALA13   1.0000   0.5367   0.9362    90.00   111.51    90.00 benzene                                  6     -0.2792  -0.1024  -0.9548   0.4996  -0.8646  -0.0534  -0.8200  -0.4919   0.2926  -0.3539  -0.0697  -0.9327   0.6979  -0.6482  -0.3045  -0.8081  -0.2601   0.5285   1  -5   0    89.9366   5   0  -2    91.0175   0   1  -2    88.9951   2   0   5    88.6523   0   2   1    90.2101   2   0   3    89.5113   0.0835   2.8885  10.4502  -0.6499   3.3818   9.3525  -1.2861   4.5762   9.3925  -1.3232   5.2577  10.6282  -0.6308   4.8358  11.7133   0.0376   3.6285  11.6469 
ACSALA13   1.0000   0.5367   0.9362    90.00   111.51    90.00 acetic_acid                              4     -0.3205   0.0181  -0.9471   0.4520  -0.8757  -0.1697  -0.8325  -0.4824   0.2725  -0.4091   0.0124  -0.9124   0.6286  -0.6537  -0.4214  -0.8188  -0.2547   0.5145   0   1   0    90.7117   5   0  -2    87.6532   2   0   3    89.8910   0   2  -3    89.3130   0   2   1    90.1320   1  -3   0    89.0069   0.0835   2.8885  10.4502   0.8327   1.5838  10.4702   1.3932   1.2164  11.4878   0.8696   0.9152   9.3578 
ACSALA13   1.0000   0.5367   0.9362    90.00   111.51    90.00 methyl_acetate_L                         5     -0.3337  -0.7022  -0.6289  -0.6801  -0.2826   0.6765  -0.6528   0.6535  -0.3832  -0.5025  -0.5675  -0.6523  -0.6308  -0.1407   0.7631  -0.8714   0.4681  -0.1465   4   0  -3    89.3905   5   0  -4    90.8643   0   5   1    90.6697   1  -5   0    90.8162   0   1   3    90.5195   1   0  -5    88.4384  -0.6499   3.3818   9.3525  -0.6539   2.7230   8.1105  -1.5648   1.6747   7.9788  -2.3471   1.4176   8.8131  -1.3730   1.0645   6.6083 
ACSALA13   1.0000   0.5367   0.9362    90.00   111.51    90.00 aspirin                                  13    -0.2166  -0.5976  -0.7720  -0.6517   0.6773  -0.3414   0.7269   0.4292  -0.5362  -0.3041  -0.4502  -0.8395  -0.8691   0.4848  -0.0982   0.6947   0.2201  -0.6848   3  -2   0    89.8101   3   0  -1    88.6809   0   1   5    89.9287   0   1   4    91.2768   1   0   1    90.4030   0   3   1    89.5579  -1.3730   1.0645   6.6083  -1.5648   1.6747   7.9788  -2.3471   1.4176   8.8131  -0.6539   2.7230   8.1105  -0.6499   3.3818   9.3525  -1.2861   4.5762   9.3925  -1.3232   5.2577  10.6282  -0.6308   4.8358  11.7133   0.0376   3.6285  11.6469   0.0835   2.8885  10.4502   0.8327   1.5838  10.4702   0.8696   0.9152   9.3578   1.3932   1.2164  11.4878 
ACSALA14   1.0000   0.5809   0.9997    90.00    95.84    90.00 benzene                                  6      0.6906  -0.0984  -0.7165  -0.4051  -0.8733  -0.2705  -0.5991   0.4771  -0.6430   0.6606  -0.0547  -0.7487  -0.5888  -0.7373  -0.3311  -0.6825   0.3158  -0.6591   5   0   4    92.7570   0   1   0    86.8643   5  -4   0    90.0476   3   0  -5    88.9123   0   2   1    89.2935   1   0  -1    89.0524   6.1487   2.8832  11.9653   7.2731   3.3939  11.3036   7.8312   4.6078  11.6719   7.2837   5.3280  12.7221   6.1741   4.8425  13.4022   5.6115   3.6336  13.0173 
ACSALA14   1.0000   0.5809   0.9997    90.00    95.84    90.00 acetic_acid                              4      0.7178   0.0200  -0.6960  -0.3290  -0.8712  -0.3643  -0.6136   0.4905  -0.6187   0.6841   0.0111  -0.7293  -0.4786  -0.7362  -0.4784  -0.7023   0.3261  -0.6328   0   1   0    90.6338   1   0   1    88.1701   1   0  -1    89.9909   3  -2   0    90.5806   0   2   1    90.4980   1   2   0    88.7187   6.1487   2.8832  11.9653   5.4628   1.6017  11.6344   4.4946   1.2224  12.2886   5.9468   0.9299  10.6171 
ACSALA14   1.0000   0.5809   0.9997    90.00    95.84    90.00 methyl_acetate_L                         5      0.5880  -0.7085  -0.3901   0.2805  -0.2737   0.9200  -0.7586  -0.6504   0.0378   0.6951  -0.4866  -0.5293   0.2974  -0.1686   0.9398  -0.8870  -0.4418   0.1341   3   0   4    89.6364   2   3   0    88.8955   3   5   0    90.4840   3   0  -1    89.1377   1  -2   0    89.9128   0   1   3    89.2860   7.2731   3.3939  11.3036   7.8487   2.7387  10.2094   8.7055   1.7165  10.5061   9.0083   1.4361  11.6333   9.1912   1.0486   9.2656 
ACSALA15   1.0000   0.5354   0.9355    90.00   111.57    90.00 benzene                                  6     -0.2812  -0.1014  -0.9543   0.4899  -0.8702  -0.0519  -0.8252  -0.4821   0.2944  -0.3572  -0.0689  -0.9315   0.6909  -0.6572  -0.3014  -0.8095  -0.2532   0.5297   1  -5   0    89.8589   5   0  -2    90.8193   2   0   5    88.6683   1   1   0    91.3661   2   0   3    89.5253   0   2   1    90.5964   2.1454   2.8602   5.2025   1.4496   3.3664   4.1036   0.7850   4.5701   4.1722   0.7782   5.2865   5.3526   1.4480   4.8134   6.4592   2.1270   3.6156   6.3802 
ACSALA15   1.0000   0.5354   0.9355    90.00   111.57    90.00 acetic_acid                              4     -0.3215   0.0106  -0.9468   0.4712  -0.8655  -0.1697  -0.8213  -0.5007   0.2733  -0.4110   0.0073  -0.9116   0.6456  -0.6349  -0.4244  -0.8144  -0.2658   0.5159   0   1   0    90.4170   2   0  -1    92.2955   0   2  -3    90.0512   2   0   3    90.2868   1  -3   0    89.6947   0   2   1    89.5947   2.1454   2.8602   5.2025   2.9169   1.5960   5.2203   3.4891   1.2272   6.2474   2.9663   0.9168   4.1085 
ACSALA15   1.0000   0.5354   0.9355    90.00   111.57    90.00 methyl_acetate_L                         5     -0.3407  -0.6997  -0.6280  -0.6884  -0.2693   0.6735  -0.6403   0.6618  -0.3899  -0.5132  -0.5644  -0.6465  -0.6360  -0.1332   0.7601  -0.8636   0.4779  -0.1605   5   0  -4    90.1780   4   0  -3    88.7005   1  -5   0    90.3373   0   5   1    91.0568   0   1   3    89.9368   1   0  -5    89.3111   1.4496   3.3664   4.1036   1.4527   2.7083   2.8651   0.5452   1.6982   2.7076  -0.2579   1.4293   3.5502   0.7003   1.0501   1.3863 
ACSALA17   1.0000   0.5345   0.9369    90.00    68.16    90.00 benzene                                  6      0.2737   0.1028  -0.9563  -0.4943   0.8679  -0.0482   0.8251   0.4859   0.2884   0.3476   0.0698  -0.9351  -0.6953   0.6525  -0.3012   0.8098   0.2549   0.5284   1  -5   0    89.9848   1  -4   0    90.9510   2   0  -5    91.2298   0   1   2    91.2814   0   2  -1    89.5227   2   0  -3    90.5466   1.8521   3.6945  -0.0814   2.5439   3.1915  -1.1866   3.2149   1.9902  -1.1189   3.2319   1.2715   0.0589   2.5721   1.7423   1.1693   1.8843   2.9378   1.0966 
ACSALA17   1.0000   0.5345   0.9369    90.00    68.16    90.00 acetic_acid                              4      0.3115  -0.0080  -0.9502  -0.4780   0.8629  -0.1639   0.8213   0.5052   0.2650   0.3980  -0.0054  -0.9174  -0.6524   0.6295  -0.4220   0.8154   0.2681   0.5130   0   1   0    89.6887   5   0   2    91.6543   0   2   3    89.8915   2   0  -3    89.3805   1  -3   0    90.2017   0   2  -1    90.5942   1.8521   3.6945  -0.0814   1.0775   4.9607  -0.0704   0.5111   5.3183   0.9768   1.0074   5.6354  -1.1642 
ACSALA17   1.0000   0.5345   0.9369    90.00    68.16    90.00 methyl_acetate_L                         5      0.3374   0.6927  -0.6375   0.6964   0.2720   0.6641   0.6334  -0.6680  -0.3906   0.5077   0.5570  -0.6573   0.6414   0.1339   0.7555   0.8597  -0.4846  -0.1615   4   0   3    90.6745   5   0   4    89.1879   1  -5   0    89.6863   0   5  -1    89.0318   0   1  -3    89.9990   1   0   5    90.5854   2.5439   3.1915  -1.1866   2.5264   3.8504  -2.4249   3.4392   4.8434  -2.6023   4.2493   5.1240  -1.7749   3.2772   5.4867  -3.9334 
ACSALA19   1.0000   0.5348   0.9366    90.00   111.59    90.00 benzene                                  6      0.2826  -0.0996   0.9541  -0.4904  -0.8698   0.0544   0.8244  -0.4832  -0.2946   0.3587  -0.0676   0.9310  -0.6909  -0.6554   0.3050   0.8089  -0.2536  -0.5305   1   5   0    90.2318   5   0  -2    89.2693   0   1   2    88.8339   1  -1   0    88.5609   2   0   3    90.4153   0   2  -1    90.5994   5.7997   2.8600   5.3485   6.5008   3.3674   6.4478   7.1653   4.5699   6.3781   7.1730   5.2903   5.1960   6.4969   4.8055   4.0871   5.8165   3.6101   4.1691 
ACSALA19   1.0000   0.5348   0.9366    90.00   111.59    90.00 acetic_acid                              4      0.3236   0.0171   0.9461  -0.4670  -0.8667   0.1754   0.8229  -0.4986  -0.2725   0.4135   0.0117   0.9104  -0.6407  -0.6359   0.4303   0.8150  -0.2641  -0.5159   0   1   0    90.6680   2   0  -1    87.8624   2   0   3    90.1526   1  -1   0    89.8051   0   2  -1    89.6864   1   3   0    90.4128   5.7997   2.8600   5.3485   5.0312   1.5908   5.3328   4.4608   1.2161   4.3139   4.9903   0.9184   6.4568 
ACSALA19   1.0000   0.5348   0.9366    90.00   111.59    90.00 methyl_acetate_L                         5      0.3389  -0.7025   0.6258   0.6840  -0.2727  -0.6765   0.6460   0.6573   0.3881   0.5112  -0.5668   0.6460   0.6325  -0.1349  -0.7628   0.8677   0.4723   0.1550   5   0  -4    89.7487   4   0  -3    91.2233   1   5   0    89.5298   0   5  -1    90.9938   0   1  -3    90.1324   1   0  -5    91.0431   6.5008   3.3674   6.4478   6.5028   2.7103   7.6877   7.4052   1.6976   7.8370   8.2059   1.4167   6.9900   7.2464   1.0427   9.1607 
ACSALA20   1.0000   0.5285   0.9303    90.00   112.44    90.00 benzene                                  6      0.2698  -0.1021   0.9575  -0.4989  -0.8653   0.0483   0.8236  -0.4907  -0.2844   0.3469  -0.0694   0.9353  -0.7015  -0.6430   0.3074   0.8100  -0.2551  -0.5281   1   5   0    89.9992   1   4   0    90.9632   0   1   2    89.2798   2   0   5    91.4291   0   2  -1    90.4591   2   0   3    90.5669   5.8525   2.8523   5.3942   6.5390   3.3533   6.4941   7.2154   4.5466   6.4288   7.2416   5.2631   5.2518   6.5850   4.7928   4.1487   5.8948   3.6047   4.2247 
ACSALA20   1.0000   0.5285   0.9303    90.00   112.44    90.00 acetic_acid                              4      0.3077   0.0060   0.9514  -0.4837  -0.8601   0.1619   0.8194  -0.5100  -0.2618   0.3982   0.0041   0.9173  -0.6598  -0.6202   0.4242   0.8152  -0.2682  -0.5134   0   1   0    90.2369   5   0  -2    91.6664   0   2   3    90.5125   2   0   3    89.2522   1   3   0    90.1922   0   2  -1    89.4107   5.8525   2.8523   5.3942   5.0714   1.5911   5.3823   4.5085   1.2345   4.3415   4.9887   0.9131   6.4687 
ACSALA20   1.0000   0.5285   0.9303    90.00   112.44    90.00 methyl_acetate_L                         5      0.3350  -0.6913   0.6402   0.7008  -0.2713  -0.6597   0.6298   0.6697   0.3936   0.5097  -0.5559   0.6566   0.6458  -0.1321  -0.7520   0.8609   0.4839   0.1570   5   0  -4    89.2999   4   0  -3    90.7877   1   5   0    89.8323   0   5  -1    91.0256   0   1  -3    90.2313   1   0  -5    90.8516   6.5390   3.3533   6.4941   6.5147   2.6974   7.7255   7.4308   1.7067   7.9056   8.2495   1.4245   7.0840   7.2566   1.0744   9.2331 
ACSALA21   1.0000   0.5813   0.9997    90.00    95.93    90.00 benzene                                  6      0.6916  -0.0978  -0.7156  -0.4039  -0.8738  -0.2709  -0.5988   0.4763  -0.6438   0.6610  -0.0543  -0.7484  -0.5873  -0.7386  -0.3310  -0.6826   0.3156  -0.6592   5   0   4    92.7873   0   1   0    86.8855   5  -4   0    90.1617   3   0  -5    88.9499   0   2   1    89.2839   1   0  -1    89.0515   1.0708   6.1604   6.3508   2.2000   6.6702   5.6867   2.7583   7.8893   6.0553   2.2052   8.6128   7.1112   1.0912   8.1221   7.7911   0.5290   6.9102   7.4056 
ACSALA21   1.0000   0.5813   0.9997    90.00    95.93    90.00 acetic_acid                              4      0.7193   0.0207  -0.6944  -0.3270  -0.8719  -0.3646  -0.6130   0.4893  -0.6203   0.6850   0.0115  -0.7284  -0.4760  -0.7378  -0.4786  -0.7018   0.3256  -0.6336   0   1   0    90.6565   1   0   1    88.2415   1   0  -1    90.1078   0   2  -3    89.3700   0   2   1    90.4510   1   2   0    88.7050   1.0708   6.1604   6.3508   0.3879   4.8801   6.0190  -0.5846   4.4955   6.6730   0.8752   4.2046   5.0012 
ACSALA21   1.0000   0.5813   0.9997    90.00    95.93    90.00 methyl_acetate_L                         5      0.5874  -0.7097  -0.3889   0.2758  -0.2761   0.9207  -0.7608  -0.6481   0.0335   0.6945  -0.4877  -0.5289   0.2926  -0.1703   0.9409  -0.8885  -0.4399   0.1308   3   0   4    89.6318   2   3   0    88.8209   3   5   0    90.2598   0   5   1    91.0059   1  -2   0    89.7798   0   1   3    89.1368   2.2000   6.6702   5.6867   2.7756   6.0187   4.5987   3.6298   4.9941   4.8926   3.9278   4.7062   6.0258   4.1194   4.3215   3.6534 
ACSALA23   1.0000   0.2864   1.4218    90.00   111.08    90.00 benzene                                  6      0.7789  -0.5674   0.2671  -0.0254   0.3970   0.9175  -0.6266  -0.7214   0.2948   0.9774  -0.2039  -0.0551  -0.0206   0.0920   0.9955  -0.6457  -0.2129   0.7333   0   1  -4    90.2314   1   5   0    89.5248   5   1   0    89.8783   4   1   0    90.1354   1  -3   0    89.8730   0   4   1    88.3546   8.3158   5.4543  19.3860   9.2313   4.4962  18.9863   9.3432   3.8949  17.7423   8.4504   4.3078  16.8760   7.4820   5.2975  17.2193   7.3949   5.8601  18.4188 
ACSALA23   1.0000   0.2864   1.4218    90.00   111.08    90.00 benzene                                  6      0.6341   0.6745   0.3782   0.7030  -0.2992  -0.6451  -0.3220   0.6750  -0.6639   0.9241   0.2815   0.2586   0.4998  -0.0609  -0.8640  -0.3982   0.2391  -0.8856   0   1  -1    90.9303   1  -3   0    91.4412   5   0   3    89.0850   1   5   0    92.1935   3   5   0    90.0084   0   4   1    90.9833   1.9618   1.4807  13.3492   2.1920   2.5004  14.2686   1.2404   2.9182  15.1623  -0.0040   2.3270  15.1650  -0.2549   1.3133  14.2464   0.7083   0.9389  13.4100 
ACSALA23   1.0000   0.2864   1.4218    90.00   111.08    90.00 acetic_acid                              4     -0.8019   0.3661  -0.4721  -0.2414   0.5242   0.8166   0.5465   0.7689  -0.3320  -0.9579   0.1252  -0.2582  -0.1947   0.1211   0.9734   0.5874   0.2367  -0.7739   0   2   1    89.8023   1   0  -4    91.0412   5   0   1    89.9971   3   5   0    90.2097   2  -5   0    89.9066   4   0   3    90.3210   8.3158   5.4543  19.3860   8.2266   6.0709  20.7359   9.1037   5.8666  21.6320   7.1956   6.8693  20.8185 
ACSALA23   1.0000   0.2864   1.4218    90.00   111.08    90.00 acetic_acid                              4     -0.8560  -0.4862  -0.1760   0.4458  -0.5215  -0.7275   0.2619  -0.7012   0.6631  -0.9607  -0.1563   0.2293   0.3476  -0.1165  -0.9304   0.3212  -0.2463   0.9144   0   3   2    89.8372   1   0   4    89.3959   1   3   0    89.9671   2   5   0    91.2007   3   4   0    89.7543   4   5   0    90.4787   1.9618   1.4807  13.3492   2.9089   0.9216  12.3507   4.1296   1.2222  12.2223   2.3624  -0.0029  11.6224 
ACSALA23   1.0000   0.2864   1.4218    90.00   111.08    90.00 methyl_acetate_L                         5      0.7703  -0.0512   0.6357   0.4416   0.7619  -0.4738  -0.4601   0.6457   0.6095   0.8636  -0.0164   0.5038   0.4478   0.2213  -0.8663  -0.3981   0.1600   0.9033   3   0  -5    90.7056   0   1   0    89.0585   1  -2   0    90.1344   0   4   1    90.2608   2   5   0    90.0414   0   5  -1    88.8412   9.2313   4.4962  18.9863  10.1195   3.9539  19.9242  11.2016   4.5125  20.3090  11.6127   5.4001  19.6450  11.6261   3.7429  21.5510 
ACSALA23   1.0000   0.2864   1.4218    90.00   111.08    90.00 methyl_acetate_L                         5      0.9902   0.0686   0.1217  -0.0093  -0.8371   0.5470   0.1394  -0.5428  -0.8282   0.9442   0.0187  -0.3289  -0.0120  -0.3118   0.9501   0.1173  -0.1308  -0.9844   1   0   3    89.2322   0   1   0    91.0737   0   3   1    90.2633   1   0   0    89.3103   1   1   0    89.4540   5   4   0    90.5675   2.1920   2.5004  14.2686   3.3820   3.2297  14.2393   4.4834   2.5996  14.7306   4.4151   1.5937  15.3797   5.7221   3.3321  14.3466 
ACSALA23   1.0000   0.2864   1.4218    90.00   111.08    90.00 aspirin                                  13    -0.7618   0.1927  -0.6186  -0.4307   0.5626   0.7057   0.4840   0.8040  -0.3456  -0.8686   0.0629  -0.4915  -0.3461   0.1295   0.9292   0.5460   0.2598  -0.7965   3   0  -5    88.5409   0   5   1    88.0127   2   5   0    89.5235   1   3   0    90.7673   0   3   1    89.6907   1  -2   0    90.6776  11.6261   3.7429  21.5510  11.2016   4.5125  20.3090  11.6127   5.4001  19.6450  10.1195   3.9539  19.9242   9.2313   4.4962  18.9863   9.3432   3.8949  17.7423   8.4504   4.3078  16.8760   7.4820   5.2975  17.2193   7.3949   5.8601  18.4188   8.3158   5.4543  19.3860   8.2266   6.0709  20.7359   9.1037   5.8666  21.6320   7.1956   6.8693  20.8185 
ACSALA23   1.0000   0.2864   1.4218    90.00   111.08    90.00 aspirin                                  13    -0.9522  -0.2794  -0.1238   0.2613  -0.5341  -0.8040   0.1585  -0.7979   0.5816  -0.9441  -0.0794   0.3199   0.2111  -0.1236  -0.9696   0.2130  -0.3070   0.9276   0   4   1    90.0351   1   0   3    90.2849   3   5   0    90.1509   2   3   0    90.8174   0   3   1    90.1186   3   2   0    90.3952   5.7221   3.3321  14.3466   4.4834   2.5996  14.7306   4.4151   1.5937  15.3797   3.3820   3.2297  14.2393   2.1920   2.5004  14.2686   1.2404   2.9182  15.1623  -0.0040   2.3270  15.1650  -0.2549   1.3133  14.2464   0.7083   0.9389  13.4100   1.9618   1.4807  13.3492   2.9089   0.9216  12.3507   4.1296   1.2222  12.2223   2.3624  -0.0029  11.6224 
ACSALA24   1.0000   0.2668   1.4277    90.00   111.06    90.00 benzene                                  6      0.7672  -0.5719   0.2905  -0.0696   0.3759   0.9240  -0.6377  -0.7291   0.2486   0.9807  -0.1951  -0.0084  -0.0547   0.0788   0.9954  -0.6806  -0.2077   0.7026   1   5   0    90.0590   0   0   1    89.5178   3   2   0    89.8965   4   3   0    90.2016   1   0   1    90.8926   1  -3   0    88.9556   8.1887   5.0066  19.2867   9.1498   4.0305  18.9699   9.2516   3.5110  17.6894   8.3839   3.9468  16.6876   7.3971   4.8899  16.9854   7.3056   5.4087  18.2725 
